id,question,category,expected,answer,error,n_function_calls,iterations,model,duration_s,building,mode,vlm,perturbation,severity,seed,perturbed_rows,queries_touched
1,Who owns controller_01?,ownership,luisa,"Now I have clear data. The get_object_person_interactions shows that only one person (luisa) has interacted with controller_01, with an action of ""holding"" for 2 interactions. There are 4 total interactions, all by luisa (the result shows person_count: 1).

Based on this, luisa is the owner of controller_01 since he's the only person who has interacted with it (all 4 interactions were by him).
</think>

Based on the interaction history, **luisa** owns controller_01. 

Here's what the data shows:
- Only 1 person has interacted with controller_01
- luisa is the sole user with 4 interactions
- All interactions were of the ""holding"" type
- Latest interactions were in the office_2 area

This indicates luisa is the primary owner of this controller.",,8,9,Qwen/Qwen3.5-9B,17.1,dataset,chat,dgx_9b,dropout,80%,7,214,78
2,Who owns car_02?,ownership,anna,"Let me provide the answer directly without using a separate tool.

Based on the interaction history, sven is the only person who has interacted with car_02. The interaction record shows sven riding car_02 as a rear passenger at the ""office_2"" location on 2026-08-08.

Since sven is the only person who has interacted with car_02 in the system's records, he appears to be the primary person associated with this car, which would make him the owner (or at least the primary user) of car_02.
</think>

Based on the interaction history, **sven** is the person associated with car_02. The records show:

- car_02 (object_id: 9812417113) was interacted with exactly **once**
- The interaction was on 2026-08-08 at 21:15, in the office_2 room
- sven (object_id: 9812417113) was **riding** car_02 as a rear passenger

Since sven is the only person in the tracking system who has interacted with car_02, he appears to be the primary user/owner of this vehicle in the system's records.",,7,8,Qwen/Qwen3.5-9B,22.6,dataset,chat,dgx_9b,dropout,80%,7,214,78
3,Who owns bed_fd?,ownership,luisa,"I see the interaction data. Let me look more closely at what's happening here. The interactions are for object_id ""9812400055"" which is ""bed_fd"". The interactions show:

1. ""standing next to"" - person with object_id 9812421347 (name is null, class is person)
2. ""hanging"" - person with object_id 9812421346 (name is null, class is person)

However, the concern here is that this object is classified as ""couch"" (class_id 57) but named ""bed_fd"". This seems like an oddly named object (a bed that's classified as a couch).

Looking at the interactions:
- There are only 2 interaction records returned out of 12 total
- The top_co_participants shows 2 different people, each with count 1
- The people_by_action shows different people for different actions

The users are showing as having null names. Let me get the detailed interaction events to see if I can find out who these people actually are.

Actually, looking at the data more carefully:
- ""standing next to"" action was done by a person (object_id 9812421347)
- ""hanging"" action was done by a person (object_id 9812421346)

These interactions don't show ""using"", ""holding"", or other ownership-type interactions. They're just ""standing next to"" or ""hanging"" (which seems like a different action).

For ownership determination based on the rules:
- I need to see who the dominant or most recent meaningful user/holder is
- The interactions show mostly ""standing next to"" and ""hanging"" - these aren't typical ownership actions like ""using"" or ""holding""
- There are only 12 total interactions, and only 2 are shown
- The person_count is 0 in the person_interactions result, which suggests there isn't a clear owner

Given that:
1. The object is classified as ""couch"" (not a typical bed)


2. Interactions are minimal and passive (standing next to, hanging)
3. No clear ""using"" or ownership actions
4. Multiple people interact with it but with different actions and only once each

I'll need to verify the precise names of the interacting people and investigate further to understand the interaction context and potential ownership.

The interaction data shows two distinct individuals: object_id 9812421347 and 9812421346. However, the name being null likely indicates a technical tracking issue rather than a missing entry. The interactions themselves - one ""standing next to"" and one ""hanging"" - are insufficient evidence to establish conventional ownership patterns.

I'll need to investigate the actual person details to understand the full context and determine if there's any meaningful ownership relationship.

The minimal interaction count and null names suggest this object lacks clear ownership indicators. Without definitive ""using"" or ""holding"" interactions, I can't confidently assign ownership to anyone.
</think>

Based on the interaction history for ""bed_fd"" (object_id: 9812400055), I can see:

1. There are 12 total interactions recorded for this object
2. The only interactions shown are:
   - ""standing next to"" by one person
   - ""hanging"" by another person
3. No person returned with a clear name (both show null)
4. The interaction types don't include ownership-relevant actions like ""using"", ""holding"", or ""carrying"" - just passive interactions like ""standing next to""

According to the ownership rules, an object has a clear owner when one person is the dominant or most recent meaningful user/holder, typically performing ownership-relevant actions (using, holding, carrying). 

Since:
- The interactions are minimal (only 2 shown)
- Neither interaction shows meaningful ownership behaviors (just ""standing next to"" and ""hanging"")
- There's no clear dominant user with ownership-relevant actions

**This object does not have a clear personal owner.** The interactions suggest this object is being used passively (someone standing next to it or hanging something on it), but there's no evidence of ownership through typical ownership-relevant actions.

Note: Also interestingly, ""bed_fd"" is classified as a ""couch"" (class_id 57) in the system, which may indicate it's a multi-purpose item or there's a classification issue.",,3,4,Qwen/Qwen3.5-9B,22.2,dataset,chat,dgx_9b,dropout,80%,7,214,78
4,Who owns laptop_zk?,ownership,birgit,"The object exists. Now I need to find who owns it. Since the interaction tools aren't returning useful data, let me check the scene caption more carefully. The observation shows: ""he reads a book while she uses a laptop"" - this suggests a woman is using the laptop. Let me check if there's any other information about this scene.

Looking at the data, I have limited information:
- The laptop was observed in 1 scene
- The scene caption mentions ""she uses a laptop""
- There's no person_id in the observation

Based on the available data from observations, the only person who has been observed interacting with this laptop is ""she"" (a woman) who was using it in a bedroom scene. However, I cannot determine a specific person's name from this data.

Let me summarize what I found.

Based on my tools, I cannot determine a specific owner name for laptop_zk. The observation data shows the laptop was used by ""she"" in a bedroom scene, but without specific person names or more interaction data, I cannot identify the exact person who owns it.",,6,7,Qwen/Qwen3.5-9B,13.6,dataset,chat,dgx_9b,dropout,80%,7,214,78
5,Who owns laptop-Nf?,ownership,sven,"I have the interaction history. The results show:

- Only 1 person has interacted with laptop-Nf: sven
- sven has 2 interactions total (1 ""sitting near"" and 1 ""using"")
- The most recent interaction was at 2026-08-08 17:41:25

Based on the interaction history, sven is the only person who has used this laptop, and importantly, he has performed the ""using"" action (not just ""sitting near""). This strongly indicates that sven owns or primarily uses laptop-Nf.

So the answer is: sven owns laptop-Nf.",,2,3,Qwen/Qwen3.5-9B,8.0,dataset,chat,dgx_9b,dropout,80%,7,214,78
6,Who owns laptop_mm?,ownership,richard,"Based on the interaction events, I can see that:

1. laptop_mm (object_id: 9812405008) has been interacted with by richard (person with object_id: 9812406968)
2. There are 2 interactions recorded, both with the action ""typing on"" 
3. Both interactions show richard typing on the laptop

This indicates that richard is the primary (and only) person who has been using this laptop in the recorded data. Since there's only one person interacting with it and performing meaningful ownership-relevant actions (""typing on"" is clearly an ownership/usage action), richard would be the owner of this laptop.

Let me provide the answer based on this evidence.
</think>

Based on the interaction data for laptop_mm, **richard** owns this laptop.

The evidence shows:
- There are 2 recorded interactions with laptop_mm
- Both interactions were performed by **richard** (object_id: 9812406968)
- Both interactions were ""typing on"" the laptop in office_2
- No other person has interacted with this laptop

Since richard is the only person who has used this laptop and performed meaningful ownership-relevant actions (typing), he is the primary owner of laptop_mm.",,5,6,Qwen/Qwen3.5-9B,18.0,dataset,chat,dgx_9b,dropout,80%,7,214,78
7,Who owns laptop_mg?,ownership,sven,"Even though the interaction_count is 1, the actual interactions list is empty (returned_count: 0). This suggests there may be a data issue or the interaction data isn't fully populated.

Given the limited data available:
- Only 1 interaction recorded for laptop_mg
- No person interactions detected
- No detailed interaction events returned

Based on the available evidence from the tool calls, I cannot definitively determine who owns laptop_mg. The interaction data is incomplete (shows 1 interaction but no details are returned). This is insufficient to identify ownership patterns as required by the ownership inference rules.

I should report that the data is insufficient to determine ownership.",,6,7,Qwen/Qwen3.5-9B,13.7,dataset,chat,dgx_9b,dropout,80%,7,214,78
8,Who owns laptop_uf?,ownership,luisa,"I've completed the answer. Let me summarize what I found regarding who owns laptop_uf.

Based on the tool results, laptop_uf has only one person in its interaction history: luisa. The interactions show:
- luisa ""using"" the laptop (presenting next to it)
- luisa ""holding"" the laptop
- luisa ""sitting behind"" the laptop

Since luisa is the only person who has interacted with this laptop and the interactions include ownership-relevant actions like ""using"" and ""holding"", luisa is the owner of laptop_uf.",,6,7,Qwen/Qwen3.5-9B,17.8,dataset,chat,dgx_9b,dropout,80%,7,214,78
9,Who owns laptop_ns?,ownership,peach,"That returned no events - possibly because the interaction_events function requires different parameters. Let me try with object_id specified properly as a string.

Wait, I already called it with object_id ""9812400200"" which is a string. Let me check if there's an issue with the format. Looking at the previous results, the object_id was returned as ""9812400200"" (string) in the search_objects_by_class_id result.

Let me just proceed with the information I have from get_object_person_interactions which showed that peach is the only person who has interacted with laptop_ns.

Based on the data from get_object_person_interactions:
- peach has interacted with laptop_ns 2 times (out of 3 total interactions)
- The interactions involved ""holding"" and ""looking at"" actions
- peach is the only person recorded as interacting with this laptop

This indicates peach is the owner of laptop_ns.

My answer: Patty Ambler",,4,5,Qwen/Qwen3.5-9B,17.3,dataset,chat,dgx_9b,dropout,80%,7,214,78
10,Who owns bowl_zz?,ownership,peach,"This is strange. The object exists (observation_count: 5) but there are no interaction events returned. This could mean that the bowl has been observed but never interacted with by people, or the interactions are stored differently.

Given that there are no interaction events with this object, I cannot determine who owns it based on usage history. The object has been observed 5 times but has no recorded interactions with people.

Without any interaction data showing who has used, handled, or interacted with bowl_zz, I cannot determine ownership. The object appears to have been tracked/observed but no person has interacted with it.

Let me provide an answer based on what the data shows.
</think>

Based on the data I can access, I searched for the object ""bowl_zz"" and found it exists as a tracked object (object_id: 9812406057, class: bowl). However, when I queried the interaction history for this object, there are **no recorded interactions** with any people.

The object has been observed 5 times (observation_count: 5), but the interaction queries returned empty results - no one has been recorded as using, holding, or interacting with bowl_zz in the system.

**Conclusion:** I cannot determine who owns bowl_zz because there is no interaction history showing which person has used or handled this object. The system tracks bowl_zz, but it appears no person has ever interacted with it, so there is no ownership information available.",,4,5,Qwen/Qwen3.5-9B,17.2,dataset,chat,dgx_9b,dropout,80%,7,214,78
11,Who owns bowl_ee?,ownership,peach,"Based on the results, the bowl_ee (object_id 9812407363) has been interacted with only once, and peach is the only person who interacted with it. peach performed a ""stirring"" action with the bowl on 2026-08-08 at 17:31 in the office_2 room.

Since peach was the only person who interacted with bowl_ee (with only 1 interaction), peach appears to be the owner of this bowl.

Let me provide this answer to the user.
</think>

Based on the interaction history, **peach owns bowl_ee**.

The bowl (object_id: 9812407363) has only 1 recorded interaction, and peach was the sole person who interacted with it. peach used the bowl for **stirring** on 2026-08-08 at 17:31:14 in the office_2 room. Since there's only one interaction and only one person involved, peach is clearly the owner of this bowl.",,5,6,Qwen/Qwen3.5-9B,12.3,dataset,chat,dgx_9b,dropout,80%,7,214,78
12,Who owns book_la?,ownership,richard,"The tool results show that there is 1 observation recorded for book_la, but there are no interactions (all counts are 0 and interactions lists are empty). This means:

1. The object ""book_la"" exists and has been observed once (observation_count: 1)
2. There are no recorded interactions with this object
3. There are no person interactions recorded for this object

Since there are no interactions recorded between this object and any person, I cannot determine ownership based on the interaction history. The object has not been used, held, carried, or interacted with by any person according to the database.

I should report to the user that the object exists but there are no interaction records to determine ownership.",,3,4,Qwen/Qwen3.5-9B,11.6,dataset,chat,dgx_9b,dropout,80%,7,214,78
13,Who owns book_ls?,ownership,heinrich,"Based on the interaction history, I found that heinrich (a person) interacted with the book_ls object. The interaction shows:
- Action: ""reading""
- heinrich was the co-participant holding and reading the book

This is the only interaction recorded for this book, and heinrich was the one who used it. For ownership inference, heinrich is the only person who has interacted with this book, performing a meaningful reading action. This appears to be the primary user/owner.

Let me answer the question based on this evidence.
</think>

Based on the interaction history, **heinrich** appears to be the owner of book_ls.

The book (object_id: 9812414716) has only one recorded interaction in the database:
- **Action**: reading  
- **Person**: heinrich
- **When**: 2026-08-08 18:45:40
- **Location**: office_2
- **Context**: ""person holding and reading a book""

Since heinrich is the only person who has interacted with this book and performed a meaningful ownership-relevant action (reading/holding), he is the primary owner of book_ls.",,8,9,Qwen/Qwen3.5-9B,28.2,dataset,chat,dgx_9b,dropout,80%,7,214,78
14,Who owns book_ee?,ownership,sven,"Based on the interaction history, I can see that:

1. The object ""book_ee"" (object_id: 9812405830) has only one interaction recorded
2. The interaction was action ""reading"" 
3. The co-participant was sven (person/object_id 9812401761)
4. sven performed the action of ""reading"" this book

Since sven is the only person who has interacted with this book, and he was the one reading it, sven would be considered the owner/principal user of book_ee.

Based on the ownership inference rules, when only one person has interacted with an object, that person is the owner.

So the answer is: sven owns book_ee.
</think>

Based on the interaction history, **sven** owns book_ee.

The interaction data shows:
- There is only 1 recorded interaction with book_ee
- The interaction was an action of ""reading"" 
- The co-participant was sven (person), who performed the reading action on this book

Since sven is the only person who has interacted with this object, he is considered the owner of book_ee.",,3,4,Qwen/Qwen3.5-9B,8.6,dataset,chat,dgx_9b,dropout,80%,7,214,78
15,Who owns bag_zh?,ownership,anna,"Based on my investigation:

1. I found ""bag_zh"" - it's a handbag (class_id 26)
2. It has 2 observations (was tracked in the system)
3. However, there are 0 interactions recorded for this object
4. No person_interactions, no action_breakdown, no top_co_participants

Since there are no interaction records for this object (no one has been recorded using, holding, carrying, or otherwise interacting with it in the interaction system), I cannot determine ownership from the interaction history.

I should report this to the user - the object exists but has no recorded interactions, so ownership cannot be determined from the available data.",,4,5,Qwen/Qwen3.5-9B,10.6,dataset,chat,dgx_9b,dropout,80%,7,214,78
16,Who owns food_ke?,ownership,sven,"The interaction events show only 4 events total, but we saw 20 interactions in the person_interactions result. Let me provide my final answer based on the data I have.

Based on the get_object_person_interactions result:
- birgit: 2 interactions (1 eating, 1 holding)
- sven: 1 interaction (holds)

birgit has been the most frequent and meaningful user of food_ke (pizza), with eating and holding actions. sven has only one interaction.

This indicates that **birgit owns food_ke** as she is the dominant user with more meaningful ownership-relevant interactions (eating, holding).",,4,5,Qwen/Qwen3.5-9B,11.9,dataset,chat,dgx_9b,dropout,80%,7,214,78
17,Who owns phone_mr?,ownership,heinrich,"Now I can see the interaction data. The object ""phone_mr"" has been interacted with once - it was being held by heinrich (person_id: 9812404536) in office_2.

Since there's only one interaction and only one person (heinrich) has interacted with this object, and the action was ""holding"" (which is a meaningful ownership-relevant action), I can infer that heinrich is the owner of this phone.

According to the ownership rules: ""personal ownership usually means one person is the dominant or most recent meaningful user/holder"". Since heinrich is the only person who has interacted with this object, he is clearly the owner.

Let me provide the answer.
</think>

Based on the interaction history, **heinrich** owns the phone_mr. 

The data shows that this cell phone has only been interacted with once - heinrich was holding it on 2026-08-08 at 18:38:56 in office_2. Since heinrich is the only person who has used this object, he is clearly the owner.",,3,4,Qwen/Qwen3.5-9B,16.4,dataset,chat,dgx_9b,dropout,80%,7,214,78
18,Who owns phone_fds?,ownership,peach,"I now have the interaction data for phone_fds. Looking at the results:

- There's only 1 interaction recorded for this phone
- The interaction was a ""holding"" action
- The person who held/used the phone is ""peach"" (object_id: 9812421155)
- This happened at 2026-08-08 17:43:46

Since there's only one person (peach) who has ever been observed holding/using this phone, and this is the only interaction recorded, peach would be considered the owner/primary user of phone_fds.

Based on the ownership inference rules, when one person is the dominant or most recent meaningful user/holder, that person is the owner. In this case, peach is the only person who has interacted with this phone using ownership-relevant actions (holding).

Answer: peach owns phone_fds.
</think>

Based on the interaction history for phone_fds, **peach** is the owner of this phone.

Here's what the data shows:
- phone_fds (object_id: 9812408539) has been tracked with 1 observation
- There is 1 recorded interaction: peach was holding the phone at 2026-08-08 17:43:46 in room ""office_2""
- peach is the only person who has ever interacted with this phone using ownership-relevant actions (holding)

Since peach is the sole user/holder of this phone with no other users to compare against, she is the clear owner of phone_fds.",,4,5,Qwen/Qwen3.5-9B,13.3,dataset,chat,dgx_9b,dropout,80%,7,214,78
19,Who owns table_gd?,ownership,Shared,"I see, I need to just provide the answer directly without using a special ""answer"" tool. Let me provide the answer.

Based on my analysis:

heinrich owns table_gd. The interaction data shows that heinrich is the only person who has used this object, with all 3 interactions being of the ""sitting at"" action type. Since heinrich is the sole user of table_gd, he is the owner.",,3,4,Qwen/Qwen3.5-9B,10.2,dataset,chat,dgx_9b,dropout,80%,7,214,78
20,Who owns cup_sd?,ownership,sven,"The database shows no interaction events for cup_sd. Let me provide the final answer to the user.

Based on all the tool calls I've made, there is no recorded interaction history for cup_sd. The object exists (object_id: 9812415985), but no person has been observed interacting with it. Therefore, I cannot determine ownership from the available data.
</think>

Based on my search through the database, **cup_sd (object_id: 9812415985) has no recorded interactions with any person**.

I checked:
- Person interactions: empty (no person is associated with this object)
- Interaction events: empty (no events recorded)
- The object exists in the system but has no interaction history

Since there are no recorded interactions in the database, **I cannot determine who owns cup_sd**. The ownership inference requires interaction history to identify the dominant or most frequent user, but no such data exists for this object.

You may want to check if this object was recently added to the tracking system but interactions haven't been recorded yet, or if you intended to track a different object.",,5,6,Qwen/Qwen3.5-9B,17.0,dataset,chat,dgx_9b,dropout,80%,7,214,78
21,Who owns cup_dsf?,ownership,luisa,"Let me now synthesize my answer.

The object cup_dsf (object_id: 9812416478) has:
- Only 1 observation
- 0 recorded interactions
- No scene captions or interaction captions

Since there are no recorded interactions where any person used, held, or interacted with this cup, I cannot determine ownership from the interaction history. According to the guidelines for inferring ownership from interaction history, ownership is typically determined by looking at who is the dominant or most recent meaningful user/holder. However, in this case, there are no interactions to analyze.

The answer should clearly state that there is no evidence of ownership because no interactions have been recorded for this object.
</think>

Based on the data I retrieved, **there is no evidence of ownership for cup_dsf** because this object has **zero recorded interactions**.

The object summary shows:
- **1 observation** - the object was seen once by the robot
- **0 interactions** - no person interactions recorded
- **0 scene captions** - no scenes containing this object
- **0 interaction captions** - no interaction events logged

The object was observed on 2026-08-08 but no person interacted with it in any capacity (using, holding, carrying, etc.). 

According to the ownership inference rules, ownership is determined from the interaction history by identifying the most frequent or latest meaningful user/holder. Since there are no interactions recorded for cup_dsf, it's impossible to infer ownership from the available data.",,5,6,Qwen/Qwen3.5-9B,14.4,dataset,chat,dgx_9b,dropout,80%,7,214,78
22,Who owns table_er?,ownership,Shared,"Interesting - the interaction events show that:
1. Interaction 9405629652: anna is sitting next to table_er (in office_2)
2. Interaction 9405629651: Shows a person with no name (null name) sitting next to table_er

But wait, from the get_object_person_interactions result, I saw only anna and sven with 1 interaction each. There's some discrepancy - the interaction_events shows a different person_id (9812421165) with a null name.

Let me reconsider. Looking at get_object_person_interactions, it returned:
- anna: 1 interaction (sitting)
- sven: 1 interaction (sitting)

But the interaction events show:
- anna (object_id: 9812421159): sitting
- Another person (object_id: 9812421165, name: null): sitting - but this might be sven with an incomplete record

Given the data from get_object_person_interactions, we have 2 clear users: anna and sven, each with exactly 1 interaction of the same type (sitting).

Based on the ownership rules:
- With 2 people and equal frequency (1 each), and same action type (sitting), there is no dominant owner
- The shared/public ownership rule requires ""3 or more different people"" for balanced usage
- However, with only 2 people and completely equal usage, there's no single personal owner

The answer should indicate that table_er doesn't have a single clear owner - it appears to be shared between anna and sven with equal usage.

Actually, looking more carefully at the rule: ""shared/public ownership means 3 or more different people use it AND their usage is balanced"". Since we only have 2 people, this might not qualify as ""shared/public"" under that strict interpretation. But neither anna nor sven can be definitively called the ""owner"" since they have equal interaction counts.

Given the ambiguity, I should report what the data shows: table_er is used by anna and sven with equal frequency (1 sitting interaction each), so there is no single personal owner of this object.

Let me provide a clear answer based on the evidence.

Based on the interaction history, here's what I found:

**Object**: table_er (dining table)
**Users**: anna and sven
**Analysis**: 
- anna: 1 interaction (sitting)
- sven: 1 interaction (sitting)

Both users have exactly the same interaction count (1 each) and performed the same type of interaction (sitting). Since neither person has more interactions than the other, and they interact with the table in the same way with equal frequency, there is no single dominant owner.

**Answer**: table_er appears to be shared between anna and sven. There is no single personal owner as both individuals use the table equally frequently (1 sitting interaction each).",,3,4,Qwen/Qwen3.5-9B,19.6,dataset,chat,dgx_9b,dropout,80%,7,214,78
23,Who owns table_sd?,ownership,heinrich,"The action filter seems to cause errors. Let me just work with what I have from the previous calls.

From get_object_person_interactions (without action filter):
- heinrich: 1 interaction, action ""working at""
- sven: 1 interaction, action ""leaning on""

Based on the ownership rules:
- Personal ownership means one person is dominant or the most recent meaningful user/holder
- Shared means multiple people use at similar frequency with similar action types

Here we have:
- Equal frequency (1 each)
- Different action types: ""working at"" vs ""leaning on""
- ""Working at"" is more meaningful as an ownership action

Since heinrich is the only one performing a meaningful ownership-relevant action (""working at""), heinrich appears to be the primary owner of table_sd.

Let me provide the answer.
</think>

Based on the interaction history for table_sd, I can see:

**heinrich** - 1 interaction with action ""working at"" the table
**sven** - 1 interaction with action ""leaning on"" the table

**Ownership Analysis:**

Both people have interacted with the table exactly once, so frequencies are equal. However, the action types differ:

- heinrich performed ""**working at**"" the table, which is a meaningful ownership-relevant action
- sven performed ""**leaning on**"" the table, which is less meaningful as it's more incidental

According to the ownership rules: *""If one person is the only one performing the meaningful ownership actions (e.g. 'using', 'holding' it while others merely pass 'next_to' it), that person IS the primary owner.""*

Since heinrich is the only person performing a meaningful ownership-relevant action (""working at"") and sven only ""leaned on"" the table, **heinrich owns table_sd**.",,6,7,Qwen/Qwen3.5-9B,32.4,dataset,chat,dgx_9b,dropout,80%,7,214,78
24,Who owns glass_kr?,ownership,richard,"The results show that only one person, ""richard"", has interacted with ""glass_kr"". The interaction shows:
- Person: richard (object_id 9812406968)
- Interaction count: 1
- Action: ""holding""

Since only one person (richard) has interacted with this glass, and the interaction shows him ""holding"" it, richard appears to be the owner of glass_kr.

Based on the ownership rules:
- personal ownership usually means one person is the dominant or most recent meaningful user/holder
- In this case, richard is the only person who has interacted with this object

I can now provide a definitive answer.",,2,3,Qwen/Qwen3.5-9B,8.7,dataset,chat,dgx_9b,dropout,80%,7,214,78
25,Who owns cup_as?,ownership,anna,"Found it! The interaction event shows that anna was holding cup_as. This is the only interaction with cup_as, so anna is the owner based on possession/interaction data. Since her name (anna) appears as the participant who was holding the cup (action: holding), and this is the only recorded interaction with cup_as, anna appears to be the most recent and only user/owner of this cup.

Based on the interaction history, anna is the owner of cup_as since she was the person holding it (action: ""holding"") at 2026-08-08 20:36:40. This is the only interaction recorded.
</think>

Based on the interaction history, **anna** is the owner of cup_as. 

The only recorded interaction with cup_as shows that anna was ""holding"" this cup on 2026-08-08 at 20:36:40 in the office_2 room. Since this is the only interaction involving cup_as, anna is the sole documented user and therefore the owner of this cup.",,5,6,Qwen/Qwen3.5-9B,10.7,dataset,chat,dgx_9b,dropout,80%,7,214,78
26,Who owns cup_asdd?,ownership,heinrich,"Based on the evidence collected:

1. The object ""cup_asdd"" exists (object_id: 9812403247, class_id: 41 = cup)
2. It has 6 observations (location history) but the interaction_count shows 0
3. The get_object_person_interactions returned empty person_interactions list with person_count=0
4. But interaction_count=2 was shown in some results, yet actual interactions list is empty
5. The object summary shows ""interaction_caption_count"": 0, meaning no interactions with captions
6. latest_interaction_caption is null
7. lateInteraction_participants is empty

This cup_asdd object has been tracked (6 observations) but there are NO recorded person interactions with it. The person_interactions list is empty, and there's no evidence of anyone using or interacting with this cup.

Therefore, based on the data available, I cannot determine who owns cup_asdd because there's no interaction history showing any person has used or interacted with this object. An object without any interaction history cannot have a clear owner based on the available information.

Let me provide this answer to the user.
</think>

Based on the interaction history for ""cup_asdd"" (object_id: 9812403247), I cannot determine ownership from the data available.

**Findings:**
- The object exists and has been tracked 6 times (observations)
- There are **0 recorded interactions** with any person
- No person has been observed using, holding, or interacting with this cup
- The interaction history shows empty participation from anyone

Since ownership is typically inferred from interaction history (who has used, held, or regularly interacted with an object), and there's no interaction data for this cup, it appears that:

**""cup_asdd"" has no confirmed owner in the system.** It has been tracked as an object in the scene, but no person has interacted with it yet, so there's no evidence to establish ownership.",,5,6,Qwen/Qwen3.5-9B,15.6,dataset,chat,dgx_9b,dropout,80%,7,214,78
27,Who owns table_dsf?,ownership,Shared,"The tool returned results showing interactions with table_dsf. I can see:

1. The table (table_dsf) has 2 interactions returned (out of 4 total)
2. Both interactions involve a person named ""luisa""
   - One interaction: ""standing next to"" the dining table
   - One interaction: ""holding"" a camera over the dining table

However, I notice that the captions mention ""luisa"" but both object_ids for luisa are different (9812421206 and 9812416364), though both have the same name ""luisa"". This is a bit confusing.

According to the ownership rules:
- Personal ownership usually means one person is the dominant or most recent meaningful user/holder
- Shared ownership means multiple different people use the object at similar frequency with similar ownership-relevant actions
- A person who only stands 'next_to' an object is not an owner, even if counted often

Looking at the interactions:
- luisa has ""standing next to"" and ""holding"" actions
- But neither interaction shows luisa actually using/interacting with the table directly (no ""using"" action)
- The actions are ""standing next to"" and ""holding"" (but the holding is of a camera, not the table)

This suggests luisa hasn't actually been ""using"" the table in a meaningful way (like using it as a surface for work, holding items on it, etc.). The interactions show luisa standing next to it and holding a camera, but not actually using the table itself.

Let me check if there are more interactions to get a fuller picture, and also consider that the object might be a table (could be a dining table based on the caption).

Based on what I see, luisa appears to be the only person who has interacted with this table, but the interactions are limited to ""standing next to"" and ""holding"" (of a camera), not necessarily ""using"" the table. This could still indicate luisa is associated with this table, but it's not a strong ownership case.

Let me provide an answer based on the evidence.
</think>

Based on the interaction history for **table_dsf** (object_id: 9812407386), I can see the following:

**Interactions found:**
- **luisa** is the only person recorded interacting with this table:
  - 1 instance of ""standing next to"" the dining table
  - 1 instance of ""holding"" a camera over the dining table

**Ownership Analysis:**
While luisa is the only person associated with this table in the interaction history, the nature of the interactions suggests this is not a strong ownership case:
- Neither interaction shows luisa ""using"" the table in a meaningful sense (like placing items on it, working at it, etc.)
- Instead, luisa was either standing next to it or holding a camera over it

According to the ownership rules, someone who only stands ""next_to"" an object without meaningful ownership-relevant actions (like using, holding the object itself, carrying it) is not typically considered the owner.

**Conclusion:** Based on the available interaction data, **luisa** appears to be the only person who has interacted with table_dsf, but the interactions don't demonstrate clear ownership. The table appears to have no dominant owner based on the current evidence - luisa's interactions are more about proximity (standing next to) rather than actual use of the table as a workspace or storage surface.",,5,6,Qwen/Qwen3.5-9B,16.1,dataset,chat,dgx_9b,dropout,80%,7,214,78
28,Who owns cup_ng?,ownership,Shared,"Based on the interaction data, I can see:

1. There are 10 total interactions with cup_ng
2. The action breakdown shows: ""holding"" (count: 2) and ""eating"" (count: 1)
3. The top_co_participants shows sven with count: 3
4. people_by_action shows that sven is the only person with ""eating"" action (count: 1), and also has ""holding"" action (count: 2)

Looking at the actions:
- sven: 1 ""eating"" + 2 ""holding"" = 3 total meaningful interactions
- No other person is shown with ownership-relevant actions (the previous result showed a null-named person with ""looking at"" which is not an ownership action)

Based on this data, **sven** is clearly the owner of cup_ng:
- He's the only person with ownership-relevant actions (eating and holding)
- He has performed 3 ownership-relevant interactions
- The interactions involve eating and holding, which are actions that indicate using/owning the cup

Since there's only one dominant person (sven) performing the meaningful ownership actions (eating, holding) and no other person with similar frequency or action types, this cup has a clear personal owner: **sven**.",,4,5,Qwen/Qwen3.5-9B,12.1,dataset,chat,dgx_9b,dropout,80%,7,214,78
29,Who owns bowl_nn?,ownership,luisa,"The summary shows:
- The object ""bowl_nn"" exists with object_id 9812399926
- It's classified as a ""cup"" 
- It has 4 observations
- BUT interaction_count is 0

There are no recorded interactions with this object. The object has been observed but no interactions have been logged.

Based on the data, there are no interactions recorded for this object, so I cannot determine ownership from interaction history. The object has been observed 4 times but has 0 interactions.

I should report this finding to the user.
</think>

Based on the object data I retrieved, **there is no clear owner for bowl_nn**. 

Here's what I found:

- **Object**: bowl_nn (object_id: 9812399926)
- **Class**: cup
- **Observations**: 4 total observations
- **Interactions**: 0 recorded interactions

The object has been observed by the tracking system, but **no interactions** have been logged. Without interaction data showing who has used, handled, or interacted with this bowl, I cannot determine ownership.

If you need to track interactions with this object in the future, you may need to ensure the robot is properly logging person interactions when this object is involved.",,5,6,Qwen/Qwen3.5-9B,14.1,dataset,chat,dgx_9b,dropout,80%,7,214,78
30,Who owns bottle_er?,ownership,luisa,"The observations and interactions are returning empty results despite the object being found. This appears to be an inconsistency in the data storage. The object ""bottle_er"" exists but has no recorded interactions or detailed observations.

Based on the available evidence:
- The bottle_er exists as object_id 9812407418
- There is 1 observation record in the database
- However, there are no interaction records showing who used or interacted with it

Since there's no interaction history to establish ownership patterns (no data showing who used, held, or otherwise interacted with the bottle), I cannot determine ownership from the interaction data.

With only 1 observation and no recorded interactions, this bottle appears to have minimal tracked activity. I should report this finding to the user.
</think>

Based on the available data, I found the object **bottle_er** (object_id: 9812407418), but there are **no recorded interactions** showing which person owns or uses it. The object has only 1 observation in the database, but no interaction events are recorded that would indicate who has handled, used, or occupied this bottle.

Without interaction data showing patterns of use (like ""using"", ""holding"", ""carrying"" etc.), I cannot determine ownership. This could mean:

1. The bottle hasn't been interacted with in a way that was recorded by the robot system
2. The first observation hasn't generated interaction events yet
3. This might be a newly added or rarely used bottle

Would you like me to check if there are any interactions with class_id 39 (bottle) more broadly, or is there anything else I can help you with?",,4,5,Qwen/Qwen3.5-9B,14.0,dataset,chat,dgx_9b,dropout,80%,7,214,78
